1 0.24108099937438965 1.7535572052001953 0.023458003997802734
4 1.0069265365600586 0.3985719680786133 0.3139336109161377
7 1.7018535137176514 0.5099914073944092 0.5023934841156006
10 2.612971782684326 0.7387092113494873 0.7489809989929199
13 3.3022961616516113 0.8947880268096924 0.8973636627197266
16 4.146729946136475 1.1362276077270508 1.1377153396606445
19 4.623554944992065 1.3203129768371582 1.3322312831878662
22 5.569106340408325 1.532367467880249 1.5310380458831787
25 6.437571287155151 1.6751124858856201 1.710404396057129
28 7.337462425231934 1.9068419933319092 1.9266412258148193
31 8.195306777954102 2.100356101989746 2.114520311355591
34 8.030650615692139 2.3110437393188477 2.313962459564209
37 9.200078964233398 2.5022008419036865 2.516266107559204
40 8.823068857192993 2.692173957824707 2.7037479877471924
43 9.167028665542603 3.239326000213623 2.9013962745666504
46 10.37819242477417 3.077613115310669 3.1323554515838623
49 10.410321950912476 3.267348051071167 3.2892041206359863
52 12.044525384902954 3.5109000205993652 3.4922611713409424
55 11.781655550003052 4.8337178230285645 3.714268207550049
58 13.045910120010376 3.8819520473480225 3.9299156665802
61 12.716786623001099 5.195579767227173 4.105407953262329
