1 6.636997699737549 3.5337095260620117 4.573185682296753
2 8.913962602615356 1.8645570278167725 1.8015835285186768
3 7.654038429260254 1.8778197765350342 1.8104772567749023
4 7.903435468673706 1.877573013305664 1.8239905834197998
5 7.625669002532959 1.9156734943389893 1.8246183395385742
6 6.424112319946289 1.8759393692016602 1.8262453079223633
7 5.754894971847534 1.8882479667663574 1.8193247318267822
8 6.684875249862671 1.8701958656311035 1.8275415897369385
9 7.665184259414673 1.882481336593628 1.8238554000854492
10 6.06345009803772 1.8800246715545654 1.8210818767547607
